116.433639 39.951656
116.454639 39.99555599999999
116.454539 39.963455999999994
116.412339 39.974855999999996
116.430639 39.918155999999996
116.401639 39.924856
116.435539 39.999255999999995
116.441939 39.985656
116.474839 39.966756
116.427239 39.995256
116.47543900000001 39.930656
116.466539 39.961755999999994
116.435439 39.944556
116.423739 39.935655999999994
116.48103900000001 39.958856
116.40433900000001 39.985456
116.454639 39.953855999999995
116.38293900000001 39.988056
116.452439 39.956556
116.465039 40.005556
116.447039 39.938956
116.39583900000001 39.993055999999996
116.460939 39.952355999999995
116.481239 39.948456
116.456439 39.933256
116.450539 39.987255999999995
116.473339 39.935356
116.40483900000001 39.946155999999995
116.39063900000001 39.926156
116.436739 39.942555999999996
116.441139 39.953756
116.403139 39.967555999999995
116.39413900000001 39.959255999999996
116.404239 39.920156
116.432939 39.989956
116.429039 39.985056
116.400739 39.976355999999996
116.427739 39.932356
116.405039 39.970456
116.430339 39.976456
116.39883900000001 39.982955999999994
116.412839 39.991056
116.424739 39.913456
116.443139 39.969455999999994
116.473539 39.913655999999996
116.42493900000001 40.009755999999996
116.468539 39.972255999999994
116.410439 39.947655999999995
116.426939 39.988856
116.405539 40.008356
116.41333900000001 39.976555999999995
116.394239 40.006456
116.47453900000001 39.937456
116.39883900000001 39.944956
116.425039 39.946555999999994
116.43733900000001 39.999455999999995
116.431539 39.923956
116.399439 39.992956
116.466339 39.947455999999995
116.421739 39.962056
116.38723900000001 39.963156
116.451339 40.000856
116.40693900000001 39.960156
116.41763900000001 40.009656
116.44333900000001 39.915155999999996
116.426039 39.936555999999996
116.443439 39.929455999999995
116.45913900000001 39.947055999999996
116.426839 39.964155999999996
116.415139 39.945656
116.432339 40.009955999999995
116.445739 39.969055999999995
116.453839 39.97115599999999
116.416739 39.972756
116.41293900000001 39.96045599999999
116.419139 39.917356
116.443839 39.954856
116.390339 39.948755999999996
116.398239 39.911955999999996
116.468239 39.966255999999994
116.427739 39.986256
116.38513900000001 39.945555999999996
116.468239 40.000755999999996
116.473039 39.929255999999995
116.411439 39.978255999999995
116.46643900000001 39.918456
116.403739 39.921755999999995
116.456439 40.000656
116.430439 39.926055999999996
116.402439 40.002455999999995
116.45063900000001 39.951156
116.444539 39.929255999999995
116.475239 39.972556
116.408939 39.937956
116.383439 39.993055999999996
116.444439 39.963455999999994
116.453239 39.935455999999995
116.449839 40.005156
116.43473900000001 39.942055999999994
116.481339 39.961856
116.406239 39.997555999999996
116.418339 39.975455999999994
116.476639 39.990956
116.431839 39.995056
116.479539 39.972856
116.471739 39.974256
116.387439 40.009656
116.383039 39.952155999999995
116.40953900000001 39.937555999999994
116.441039 39.973555999999995
116.465439 39.920255999999995
116.398739 39.964256
116.476439 39.960055999999994
116.447539 39.954055999999994
116.42833900000001 39.974256
116.47843900000001 39.927656
116.454739 39.920356
116.45613900000001 39.969455999999994
116.416639 39.996255999999995
116.476839 39.982755999999995
116.41893900000001 39.995756
116.44333900000001 39.938756
116.466639 39.992256
116.43563900000001 39.976656
116.401939 39.926756
116.410239 39.967656
116.412639 39.939356
116.445639 39.994955999999995
116.417939 40.007256
116.409639 39.913056
116.409439 40.009156
116.38593900000001 39.91935599999999
116.414039 39.947156
116.460939 39.936256
116.42023900000001 39.951656
116.41123900000001 39.978556
116.447039 39.919655999999996
116.452939 39.914856
116.41333900000001 39.940456
116.466139 39.950455999999996
116.461239 39.968556
116.466239 39.995456
116.428139 39.963556
116.449039 40.001355999999994
116.48013900000001 39.98035599999999
116.436339 39.974655999999996
116.407439 39.925956
116.463239 39.911556
116.440939 39.982656
116.424239 39.940056
116.455239 40.003055999999994
116.429739 39.95595599999999
116.454139 39.912456
116.450039 39.912056
116.425239 39.967155999999996
116.407639 39.972455999999994
116.39753900000001 39.960856
116.444539 39.973555999999995
116.475339 39.991456
116.430839 39.956756
116.384939 39.94525599999999
116.466339 39.952956
116.473939 39.972055999999995
116.471539 39.931056
116.442839 39.961856
116.39883900000001 39.989456
116.427339 39.962655999999996
116.457739 39.915056
116.387839 39.997755999999995
116.412139 39.915155999999996
116.384139 39.941956
116.464539 39.954955999999996
116.415239 39.92085599999999
116.400839 39.928956
116.44073900000001 39.976555999999995
116.383939 40.004456
116.434839 39.971756
116.399139 39.982555999999995
116.478639 39.962556
116.42103900000001 39.932156
116.383239 39.942356
116.469539 40.002655999999995
116.471839 39.985456
116.415239 39.93455599999999
116.412139 39.945955999999995
116.39793900000001 39.966156
116.478139 39.928355999999994
116.474339 39.949056
116.396339 39.915155999999996
116.408939 39.945156
116.39153900000001 39.958755999999994
116.462739 39.983956
116.391039 39.992056
116.440139 39.983855999999996
116.43643900000001 39.955856
116.47883900000001 39.992656
116.46043900000001 39.977056
116.48103900000001 39.998756
116.397039 40.001555999999994
116.392339 39.926855999999994
116.472739 39.979555999999995
116.465539 40.003856
116.388039 39.946856
116.385639 39.998656
116.420539 39.951556
116.387739 39.979355999999996
116.449239 39.939356
116.387539 39.951856
116.401539 39.929356
116.478539 39.965056
116.447339 39.933355999999996
116.39363900000001 39.964456
116.38553900000001 39.951456
116.394639 39.981655999999994
116.46043900000001 39.916155999999994
116.409739 39.983756
116.44163900000001 40.000856
116.386639 39.975356
116.45143900000001 39.999255999999995
116.396139 39.961856
116.437939 39.941956
116.456439 39.981055999999995
116.444539 39.913756
116.447539 39.941855999999994
116.441039 40.004456
116.447139 39.977655999999996
116.387839 39.961056
116.451239 39.994355999999996
116.408439 39.925956
116.438939 39.966656
116.453239 39.997156
116.448939 39.921555999999995
116.428039 39.929455999999995
116.480339 39.979456
116.476539 39.956556
116.42023900000001 39.950156
116.386439 39.921656
116.432739 39.941956
116.401739 39.968455999999996
116.440439 39.958456
116.47113900000001 39.977356
116.423139 39.937756
116.442739 39.971655999999996
116.41033900000001 39.979755999999995
116.409039 39.996156
116.436639 39.977956
116.441039 40.007256
116.479839 39.954856
116.390939 40.004456
116.456939 39.963856
116.39923900000001 39.994656
116.419039 39.916256
116.473139 39.944156
116.429439 39.921555999999995
116.472139 39.998355999999994
116.397839 40.00475599999999
116.412339 39.966055999999995
116.42963900000001 39.942856
116.403739 39.917556
116.41463900000001 39.999956
116.411539 39.933555999999996
116.411539 39.972255999999994
116.451639 39.938455999999995
116.40353900000001 39.928256
116.456039 39.993655999999994
116.396339 39.927156
116.435739 39.967056
116.45013900000001 39.914255999999995
116.43693900000001 39.961456
116.466339 40.007555999999994
116.465439 39.980056
116.386539 40.007256
116.473439 39.933555999999996
116.40133900000001 39.967355999999995
116.476839 39.973256
116.417439 39.944356
116.41203900000001 39.911255999999995
116.447739 39.957255999999994
116.413039 39.989456
116.422939 39.965256
116.452539 39.944956
116.414439 39.955256
116.391739 39.915656
116.462539 39.946956
116.396139 39.932855999999994
116.408939 39.994555999999996
116.411139 39.984156
116.410439 39.976856
116.44293900000001 39.995756
116.394839 39.994955999999995
116.436639 39.972556
116.473239 39.920756
116.385739 39.964256
116.395739 39.976955999999994
116.46383900000001 39.927355999999996
116.402539 39.933856
116.447939 40.009555999999996
116.401439 39.938756
116.466939 39.99405599999999
116.417939 39.915555999999995
116.400639 39.971356
116.398239 39.961155999999995
116.41633900000001 39.941455999999995
116.452039 39.951456
116.474739 39.997456
116.418439 39.971655999999996
116.42793900000001 39.926855999999994
116.473439 39.926255999999995