116.433639 39.951656
116.454639 39.99555599999999
116.454539 39.963455999999994
116.412339 39.974855999999996
116.430639 39.918155999999996
116.401639 39.924856
116.435539 39.999255999999995
116.441939 39.985656
116.441539 39.949155999999995
116.405839 39.98035599999999
116.383239 39.921755999999995
116.476639 40.000456
116.465839 40.001656
116.422839 39.930156
116.420939 39.956056
116.471839 39.993956
116.426839 39.946355999999994
116.408839 39.943555999999994
116.459039 39.932356
116.440639 39.911556
116.396539 39.983456
116.46773900000001 39.975556
116.434839 39.923855999999994
116.46983900000001 39.972856
116.434639 39.982856
116.410239 39.928956
116.416539 39.977056
116.44843900000001 39.98035599999999
116.449239 39.929855999999994
116.414039 39.925656
116.389939 39.970155999999996
116.473639 39.971556
116.469939 39.991456
116.44763900000001 39.912355999999996
116.444739 39.999855999999994
116.435939 39.967355999999995
116.416439 40.010256
116.476139 39.977356
116.388839 40.000356
116.406239 39.998656
116.412139 39.974155999999994
116.428539 39.946856
116.479839 39.987255999999995
116.436739 39.916756
116.422039 39.962956
116.434439 39.969556
116.437539 39.947956
116.468839 39.993055999999996
116.424739 39.977756
116.399139 39.936856
116.468639 39.919456
116.430639 39.986155999999994
116.46303900000001 39.943256
116.43903900000001 39.94375599999999
116.423039 39.990356
116.40823900000001 39.966656
116.390539 39.985755999999995
116.476239 40.004555999999994
116.455139 39.944556
116.397439 39.936656
116.416239 39.926756
116.457839 39.987756
116.42103900000001 39.923255999999995
116.437439 40.010056
116.39283900000001 39.945156
116.46643900000001 39.923356
116.44163900000001 39.926255999999995
116.399139 39.925456
116.443539 39.913855999999996
116.46003900000001 39.926556
116.40393900000001 39.934656
116.419739 40.00625599999999
116.409739 40.002556
116.426739 39.932956
116.416239 39.935556
116.391439 39.954955999999996
116.414139 39.989155999999994
116.466139 39.935455999999995
116.401639 39.926956
116.432739 39.993956
116.400339 39.920655999999994
116.397639 39.970555999999995
116.453339 39.981556
116.456739 39.998656
116.46433900000001 39.992756
116.445539 39.943856
116.42703900000001 39.993255999999995
116.39793900000001 39.975156
116.422439 39.932655999999994
116.433439 39.987556
116.399439 39.960255999999994
116.384939 40.000555999999996
116.393439 40.009955999999995
116.455039 39.940555999999994
116.455139 39.992456
116.385639 39.950556
116.448739 39.975756
116.428539 39.951255999999994
116.451139 39.970955999999994
116.467939 39.992056
116.436839 39.911655999999994
116.389339 39.942555999999996
116.455039 39.930656
116.416139 39.966356
116.414539 39.970256
116.41503900000001 39.99405599999999
116.396539 40.005156
116.475739 39.975055999999995
116.462539 39.911556
116.40563900000001 39.913655999999996
116.42363900000001 39.999055999999996
116.443839 39.992656
116.474839 39.966756
116.427239 39.995256
116.47543900000001 39.930656
116.466539 39.961755999999994
116.435439 39.944556
116.423739 39.935655999999994
116.48103900000001 39.958856
116.40433900000001 39.985456
116.454639 39.953855999999995
116.38293900000001 39.988056
116.452439 39.956556
116.465039 40.005556
116.447039 39.938956
116.39583900000001 39.993055999999996
116.460939 39.952355999999995
116.481239 39.948456
116.456439 39.933256
116.450539 39.987255999999995
116.473339 39.935356
116.40483900000001 39.946155999999995
116.39063900000001 39.926156
116.436739 39.942555999999996
116.441139 39.953756
116.403139 39.967555999999995
116.39413900000001 39.959255999999996
116.404239 39.920156
116.432939 39.989956
116.429039 39.985056
116.400739 39.976355999999996
116.427739 39.932356
116.405039 39.970456
116.430339 39.976456
116.39883900000001 39.982955999999994
116.412839 39.991056
116.424739 39.913456
116.443139 39.969455999999994
116.473539 39.913655999999996
116.42493900000001 40.009755999999996
116.468539 39.972255999999994
116.410439 39.947655999999995
116.426939 39.988856
116.405539 40.008356
116.41333900000001 39.976555999999995
116.394239 40.006456
116.47453900000001 39.937456
116.39883900000001 39.944956
116.425039 39.946555999999994
116.43733900000001 39.999455999999995
116.431539 39.923956
116.399439 39.992956
116.466339 39.947455999999995
116.421739 39.962056
116.38723900000001 39.963156
116.451339 40.000856
116.40693900000001 39.960156
116.41763900000001 40.009656
116.44333900000001 39.915155999999996
116.426039 39.936555999999996
116.443439 39.929455999999995
116.45913900000001 39.947055999999996
116.426839 39.964155999999996
116.415139 39.945656
116.432339 40.009955999999995
116.445739 39.969055999999995
116.453839 39.97115599999999
116.416739 39.972756
116.41293900000001 39.96045599999999
116.419139 39.917356
116.443839 39.954856
116.390339 39.948755999999996
116.398239 39.911955999999996
116.468239 39.966255999999994
116.427739 39.986256
116.38513900000001 39.945555999999996
116.468239 40.000755999999996
116.473039 39.929255999999995
116.411439 39.978255999999995
116.46643900000001 39.918456
116.403739 39.921755999999995
116.456439 40.000656
116.430439 39.926055999999996
116.402439 40.002455999999995
116.45063900000001 39.951156
116.444539 39.929255999999995
116.475239 39.972556
116.408939 39.937956
116.383439 39.993055999999996
116.444439 39.963455999999994
116.453239 39.935455999999995
116.449839 40.005156
116.43473900000001 39.942055999999994
116.481339 39.961856
116.406239 39.997555999999996
116.418339 39.975455999999994
116.476639 39.990956
116.431839 39.995056
116.479539 39.972856
116.471739 39.974256
116.387439 40.009656
116.383039 39.952155999999995
116.40953900000001 39.937555999999994
116.441039 39.973555999999995
116.465439 39.920255999999995
116.398739 39.964256
116.476439 39.960055999999994
116.447539 39.954055999999994
116.42833900000001 39.974256
116.47843900000001 39.927656
116.454739 39.920356
116.45613900000001 39.969455999999994
116.416639 39.996255999999995
116.476839 39.982755999999995
116.41893900000001 39.995756
116.44333900000001 39.938756
116.466639 39.992256
116.43563900000001 39.976656
116.401939 39.926756
116.410239 39.967656
116.412639 39.939356
116.445639 39.994955999999995
116.417939 40.007256
116.409639 39.913056
116.409439 40.009156
116.38593900000001 39.91935599999999
116.414039 39.947156
116.460939 39.936256
116.42023900000001 39.951656
116.41123900000001 39.978556
116.447039 39.919655999999996
116.452939 39.914856
116.41333900000001 39.940456
116.466139 39.950455999999996
116.461239 39.968556
116.466239 39.995456
116.428139 39.963556
116.449039 40.001355999999994
116.48013900000001 39.98035599999999
116.436339 39.974655999999996
116.407439 39.925956
116.463239 39.911556
116.440939 39.982656
116.424239 39.940056
116.455239 40.003055999999994
116.429739 39.95595599999999
116.454139 39.912456
116.450039 39.912056
116.425239 39.967155999999996
116.407639 39.972455999999994
116.39753900000001 39.960856
116.444539 39.973555999999995
116.475339 39.991456
116.430839 39.956756
116.384939 39.94525599999999
116.466339 39.952956
116.473939 39.972055999999995
116.471539 39.931056
116.442839 39.961856
116.39883900000001 39.989456
116.427339 39.962655999999996
116.457739 39.915056
116.387839 39.997755999999995
116.412139 39.915155999999996
116.384139 39.941956
116.464539 39.954955999999996
116.415239 39.92085599999999
116.400839 39.928956
116.44073900000001 39.976555999999995
116.383939 40.004456
116.434839 39.971756
116.399139 39.982555999999995
116.478639 39.962556
116.42103900000001 39.932156
116.383239 39.942356
116.469539 40.002655999999995
116.471839 39.985456
116.415239 39.93455599999999
116.412139 39.945955999999995
116.39793900000001 39.966156
116.478139 39.928355999999994
116.474339 39.949056
116.396339 39.915155999999996
116.408939 39.945156
116.39153900000001 39.958755999999994
116.462739 39.983956
116.391039 39.992056
116.440139 39.983855999999996
116.43643900000001 39.955856
116.47883900000001 39.992656
116.46043900000001 39.977056
116.48103900000001 39.998756
116.397039 40.001555999999994
116.392339 39.926855999999994
116.472739 39.979555999999995
116.465539 40.003856
116.388039 39.946856
116.385639 39.998656
116.420539 39.951556
116.387739 39.979355999999996
116.449239 39.939356
116.387539 39.951856
116.401539 39.929356
116.478539 39.965056
116.447339 39.933355999999996
116.39363900000001 39.964456
116.38553900000001 39.951456
116.394639 39.981655999999994
116.46043900000001 39.916155999999994
116.409739 39.983756
116.44163900000001 40.000856
116.386639 39.975356
116.45143900000001 39.999255999999995
116.396139 39.961856
116.437939 39.941956
116.456439 39.981055999999995
116.444539 39.913756
116.447539 39.941855999999994
116.441039 40.004456
116.447139 39.977655999999996
116.387839 39.961056
116.451239 39.994355999999996
116.408439 39.925956
116.438939 39.966656
116.453239 39.997156
116.448939 39.921555999999995
116.417439 39.934956
116.42023900000001 39.981956
116.433539 40.007056
116.481939 39.986556
116.466739 39.982555999999995
116.473139 39.915955999999994
116.476039 39.923655999999994
116.466639 39.941156
116.466539 39.938756
116.46173900000001 39.993956
116.472939 39.937456
116.39963900000001 39.934855999999996
116.431839 39.981956
116.479939 39.974455999999996
116.416039 39.915256
116.46683900000001 39.939055999999994
116.446539 39.930256
116.394339 39.983456
116.398939 39.982755999999995
116.409339 39.984455999999994
116.434239 39.952256
116.47413900000001 39.939456
116.47713900000001 39.969255999999994
116.391839 40.001256
116.44243900000001 39.987655999999994
116.413639 39.915755999999995
116.388339 40.002255999999996
116.387339 39.960255999999994
116.402339 39.919655999999996
116.47503900000001 39.919956
116.389239 39.969955999999996
116.403639 39.933656
116.439239 39.920956
116.474839 39.917255999999995
116.41163900000001 39.959056
116.41123900000001 40.007856
116.460539 39.916456
116.48053900000001 39.951156
116.403039 39.944156
116.394039 39.962855999999995
116.419539 39.928355999999994
116.47203900000001 39.926956
116.385739 40.010155999999995
116.399039 39.988156
116.439539 39.955056
116.430539 39.960356
116.411739 39.967456
116.403639 39.998855999999996
116.427739 39.956356
116.450539 39.977056
116.392239 39.914655999999994
116.44763900000001 39.982256
116.438339 39.944455999999995
116.398939 40.006055999999994
116.434839 39.955755999999994
116.459639 39.91785599999999
116.38983900000001 39.914156
116.38383900000001 39.914356
116.385739 39.951356
116.423939 40.000955999999995
116.435339 39.962256
116.42063900000001 39.966656
116.474039 39.911556
116.43263900000001 39.993556
116.453039 39.960356
116.431539 39.994456
116.40863900000001 40.001056
116.405439 39.967456
116.474339 39.913456
116.46003900000001 39.975255999999995
116.395139 40.002156
116.388239 39.926655999999994
116.387939 39.961955999999994
116.398739 39.988656
116.403339 39.930755999999995
116.415639 39.962556
116.467639 39.959655999999995
116.470939 39.970456
116.41803900000001 39.943555999999994
116.43733900000001 39.930955999999995
116.389439 40.005255999999996
116.405939 39.920455999999994
116.428439 39.954055999999994
116.442539 39.973656
116.470039 39.934256
116.478739 40.004355999999994
116.451239 39.93455599999999
116.43903900000001 39.94525599999999
116.461539 39.988456
116.455039 39.941356
116.461839 40.003356
116.464639 40.005356
116.47113900000001 39.988856
116.409239 39.916956
116.409439 39.963055999999995
116.437439 39.918456
116.465039 39.913155999999994
116.457939 39.933755999999995
116.467239 39.927256
116.397039 39.987156
116.440039 39.938455999999995
116.40523900000001 40.008655999999995
116.401639 39.978055999999995
116.383939 39.949155999999995
116.404139 39.992855999999996
116.440639 39.986556
116.47673900000001 40.009156
116.474439 39.996255999999995
116.38763900000001 39.923655999999994
116.412339 39.984055999999995
116.424339 39.937256
116.467539 39.935956
116.464239 39.952956
116.455539 39.991355999999996
116.385039 40.009156
116.468639 39.956756
116.410839 39.952355999999995
116.464539 40.000156
116.454739 39.961155999999995
116.412339 39.966356
116.395739 39.934456
116.455039 39.916756
116.384339 39.942055999999994
116.465939 39.946056
116.391739 39.955155999999995
116.458939 40.001656
116.437039 39.975655999999994
116.476139 39.948156
116.42403900000001 40.000156
116.477639 39.993055999999996
116.457139 39.918955999999994
116.44763900000001 39.962855999999995
116.46003900000001 39.969455999999994
116.42573900000001 40.008255999999996
116.386539 39.960656
116.427839 39.984255999999995
116.39753900000001 39.962356
116.39283900000001 39.986956
116.438739 39.920455999999994
116.438839 40.000356
116.390339 39.929255999999995
116.462239 39.939055999999994
116.392539 39.994456
116.448939 39.970355999999995
116.422139 39.997955999999995
116.405939 40.004256
116.45403900000001 39.951156
116.42873900000001 39.949355999999995
116.434439 39.973656
116.461039 39.932655999999994
116.448739 39.982656
116.408139 39.958256
116.469139 39.970856
116.446639 40.003656
116.391239 39.959855999999995
116.461239 39.982755999999995
116.42703900000001 39.936656
116.408439 39.929156
116.424739 39.971855999999995
116.412139 39.943456
116.45533900000001 39.978255999999995
116.388439 39.979456
116.45573900000001 40.009156
116.441439 39.983855999999996
116.449139 40.008055999999996
116.456839 39.912456
116.385739 40.006555999999996
116.386339 39.944655999999995
116.442139 39.935356
116.413139 39.966156
116.43133900000001 39.964555999999995
116.458439 39.930755999999995
116.450439 39.942955999999995
116.411339 40.00925599999999
116.476839 39.943256
116.398539 39.955755999999994
116.420339 39.934056
116.404139 39.988755999999995
116.398639 39.932956
116.46303900000001 39.970456
116.430739 39.928556
116.471339 39.971256
116.444939 39.973456
116.468439 39.985856
116.48013900000001 39.975556
116.387139 40.008956
116.40523900000001 40.001756
116.447139 40.007155999999995
116.428039 39.929455999999995
116.480339 39.979456
116.476539 39.956556
116.42023900000001 39.950156
116.386439 39.921656
116.432739 39.941956
116.401739 39.968455999999996
116.440439 39.958456
116.47113900000001 39.977356
116.423139 39.937756
116.442739 39.971655999999996
116.41033900000001 39.979755999999995
116.409039 39.996156
116.436639 39.977956
116.441039 40.007256
116.479839 39.954856
116.390939 40.004456
116.456939 39.963856
116.39923900000001 39.994656
116.419039 39.916256
116.473139 39.944156
116.429439 39.921555999999995
116.472139 39.998355999999994
116.397839 40.00475599999999
116.412339 39.966055999999995
116.42963900000001 39.942856
116.403739 39.917556
116.41463900000001 39.999956
116.411539 39.933555999999996
116.411539 39.972255999999994
116.451639 39.938455999999995
116.40353900000001 39.928256
116.456039 39.993655999999994
116.396339 39.927156
116.435739 39.967056
116.45013900000001 39.914255999999995
116.43693900000001 39.961456
116.466339 40.007555999999994
116.465439 39.980056
116.386539 40.007256
116.473439 39.933555999999996
116.40133900000001 39.967355999999995
116.476839 39.973256
116.417439 39.944356
116.41203900000001 39.911255999999995
116.447739 39.957255999999994
116.413039 39.989456
116.422939 39.965256
116.452539 39.944956
116.414439 39.955256
116.391739 39.915656
116.462539 39.946956
116.396139 39.932855999999994
116.408939 39.994555999999996
116.411139 39.984156
116.410439 39.976856
116.44293900000001 39.995756
116.394839 39.994955999999995
116.436639 39.972556
116.473239 39.920756
116.385739 39.964256
116.395739 39.976955999999994
116.46383900000001 39.927355999999996
116.402539 39.933856
116.447939 40.009555999999996
116.401439 39.938756
116.466939 39.99405599999999
116.417939 39.915555999999995
116.400639 39.971356
116.398239 39.961155999999995
116.41633900000001 39.941455999999995
116.452039 39.951456
116.474739 39.997456
116.418439 39.971655999999996
116.42793900000001 39.926855999999994
116.473439 39.926255999999995